00000100000000000000000000001101
00000011110000001110100000000000
00011011111111010000000000000001
00101011110111100000000000000011
00101011110111100000000000000001
00101000000000110000000000000101
00010100100111010000000000000011
00000000100000000000100000000000
00010100101111010000000000000001
00010100110111010000000000000000
00000011101000001111000000000000
00000000110000001110100000000000
00001000000000000000000000000101
00000100000000000000000001000100
00000011110000001110100000000000
00011011111111010000000000000001
00101011110111100000000000000011
00101011110111100000000000000001
00101011110111100000000000000001
00101011110111100000000000000001
00010100111111010000000000000100
00101000000010000000000000000000
00000000111010000100100000000111
00011001001111010000000000000101
00010101010111010000000000000101
00001101010000000000000000100011
00010101011111010000000000000011
00010101100111010000000000000010
00011001011011000000000000000000
00010101101111010000000000000001
00010101110111010000000000000000
00000011101000001111000000000000
00000001110000001110100000000000
00001000000000000000000000001101
00000100000000000000000001000011
00010101111111010000000000000100
00101011110111100000000000000001
00101011110111100000000000000001
00101011110111100000000000000001
00010110000111010000000000000011
00010110001111010000000000000100
00000010000100011001000000000011
00011010010111010000000000001000
00010110011111010000000000001000
00010110100111010000000000000100
00000010011101001010100000000010
00011010101111010000000000000111
00010110110111010000000000000011
00010110111111010000000000000111
00000010110101111100000000000001
00011011000111010000000000000110
00010111001111010000000000000110
00101011110111100000000000000001
00011011101111100000000000000000
00011001111111100000000000000011
00011011001111100000000000000100
00101011101110100000000000001001
00011011010111100000000000000010
00010000000000000000000000001110
00010111011111010000000000001001
00010111100111010000000000000010
00011011011111000000000000000000
00010100100111010000000000000001
00010100101111010000000000000000
00000011101000001111000000000000
00000000101000001110100000000000
00001000000000000000000000000100
00000011101000001111000000000000
00000011110000001110100000000000
00011011111111010000000000000001
00101011110111100000000000000011
00101011110111100000000000000001
00101011110111100000000000000001
00101000000001100000000000100000
00011000110111010000000000000011
00101000000001110000000000010000
00011000111111010000000000000100
00010101000111010000000000000011
00010101001111010000000000000100
00101011110111100000000000000001
00011011101111100000000000000000
00011001000111100000000000000011
00011001001111100000000000000100
00101011101010100000000000000101
00011001010111100000000000000010
00010000000000000000000000001110
00010101011111010000000000000101
00101011110111100000000000000001
00011011101111100000000000000000
00011001011111100000000000000011
00101011101011000000000000000110
00011001100111100000000000000010
00010000000000000000000000000001
00000011101000001111000000000000
11111100000000000000000000000000

