00101011110111100000000000001010
00000100000000000000000000011011
00000011110000001110100000000000
00011011111111010000000000000001
00101011110111100000000000000011
00101011110111100000000000000001
00101000000000110000000000000101
00010100100111010000000000000011
00000000100000000000100000000000
00010100101111010000000000000001
00010100110111010000000000000000
00000011101000001111000000000000
00000000110000001110100000000000
00001000000000000000000000000101
00000011110000001110100000000000
00011011111111010000000000000001
00101011110111100000000000000011
00101000000000110000000000000010
00000000000000000000000000000000
00101000000000110000000000000000
00010100111111010000000000000010
00011000010001110000000000000000
00010101000111010000000000000001
00010101001111010000000000000000
00000011101000001111000000000000
00000001001000001110100000000000
00001000000000000000000000001000
00000100000000000000000010110100
00000011110000001110100000000000
00011011111111010000000000000001
00101011110111100000000000000011
00101011110111100000000000000001
00101011110111100000000000000001
00101011110111100000000000000001
00101011110111100000000000000001
00101011110111100000000000000001
00101011110111100000000000000001
00010101010111010000000000000100
00011001010111010000000000001000
00101011110111100000000000000001
00010101100111010000000000000011
00010101101111010000000000000100
00000001100011010111000000000000
00010101011011100000000000000000
00011001011111010000000000001001
00010101111111010000000000001001
00011001111111010000000000000111
00101011110111100000000000000001
00010110000111010000000000000100
00101000000100010000000000000001
00000010000100011001000000000000
00011010010111010000000000001010
00010110011111010000000000001010
00011010011111010000000000000110
00101011110111100000000000000001
00010110100111010000000000000110
00010110101111010000000000000101
00000010100101011011000000001011
00011010110111010000000000001011
00010110111111010000000000001011
00001110111000000000000001011101
00101011110111100000000000000001
00101011110111100000000000000001
00010111001111010000000000000011
00010111010111010000000000000110
00000011001110101101100000000000
00010111000110110000000000000000
00011011000111010000000000001101
00010111100111010000000000001101
00010100100111010000000000000111
00000011100001000010100000001011
00011000101111010000000000001100
00010100110111010000000000001100
00001100110000000000000001010100
00101011110111100000000000000001
00010101000111010000000000000011
00010101001111010000000000000110
00000001000010010101000000000000
00010100111010100000000000000000
00011000111111010000000000001110
00010101011111010000000000001110
00011001011111010000000000000111
00010101100111010000000000000110
00011001100111010000000000001000
00101011110111100000000000000001
00010101101111010000000000000110
00101000000011100000000000000001
00000001101011100111100000000000
00011001111111010000000000001111
00010110000111010000000000001111
00011010000111010000000000000110
00101111110111100000000000000101
00000100000000000000000000110110
00010110001111010000000000001000
00010110010111010000000000000010
00011010001100100000000000000000
00010110011111010000000000000001
00010110100111010000000000000000
00000011101000001111000000000000
00000010100000001110100000000000
00001000000000000000000000010011
00010110101111010000000000000001
00010110110111010000000000000000
00000011101000001111000000000000
00000010110000001110100000000000
00001000000000000000000000010101
00000011110000001110100000000000
00011011111111010000000000000001
00101011110111100000000000000011
00101011110111100000000000000001
00101011110111100000000000000001
00101011110111100000000000000001
00101011110111100000000000000001
00101011110111100000000000000001
00010110111111010000000000000100
00011010111111010000000000000110
00101011110111100000000000000001
00101011110111100000000000000001
00010111000111010000000000000101
00101000000110010000000000000001
00000011000110011101000000000001
00011011010111010000000000001001
00010111011111010000000000000110
00010111100111010000000000001001
00000011011111000010000000001011
00011000100111010000000000001000
00010100101111010000000000001000
00001100101000000000000010101111
00101011110111100000000000000001
00010100110111010000000000000011
00010100111111010000000000000110
00010101000111010000000000000101
00101011110111100000000000000001
00011011101111100000000000000000
00011000110111100000000000000011
00011000111111100000000000000100
00011001000111100000000000000101
00101011101010010000000000001011
00011001001111100000000000000010
00010000000000000000000000011100
00010101010111010000000000001011
00011001010111010000000000000111
00101011110111100000000000000001
00010101100111010000000000000011
00010101101111010000000000000111
00000001100011010111000000000000
00010101011011100000000000000000
00011001011111010000000000001100
00010101111111010000000000001100
00011001111111010000000000001010
00101011110111100000000000000001
00010110001111010000000000000011
00010110010111010000000000000110
00000010001100101001100000000000
00010110000100110000000000000000
00011010000111010000000000001101
00010110100111010000000000000011
00010110101111010000000000000111
00000010100101011011000000000000
00010110111111010000000000001101
00011010111101100000000000000000
00010111000111010000000000000011
00010111001111010000000000000110
00000011000110011101000000000000
00010111011111010000000000001010
00011011011110100000000000000000
00101011110111100000000000000001
00010111100111010000000000000110
00101000000001000000000000000001
00000011100001000010100000000000
00011000101111010000000000001110
00010100110111010000000000001110
00011000110111010000000000000110
00101111110111100000000000000111
00000100000000000000000001110100
00010100111111010000000000000001
00010101000111010000000000000000
00000011101000001111000000000000
00000001000000001110100000000000
00001000000000000000000000000111
00000011110000001110100000000000
00011011111111010000000000000001
00101011110111100000000000000011
00101011110111100000000000000001
00101000000010010000000000000000
00011001001111010000000000000011
00101011110111100000000000000001
00010101010111010000000000000011
00101000000010110000000000001010
00000001010010110110000000001011
00011001100111010000000000000100
00010101101111010000000000000100
00001101101000000000000011010100
00101011110111100000000000000001
00011011101111100000000000000000
00101011101011100000000000000101
00011001110111100000000000000010
00010000000000000000000000001110
00101000000011110000000000000000
00010110000111010000000000000011
00000001111100001000100000000000
00010110010111010000000000000101
00011010010100010000000000000000
00101011110111100000000000000001
00010110011111010000000000000011
00101000000101000000000000000001
00000010011101001010100000000000
00011010101111010000000000000110
00010110110111010000000000000110
00011010110111010000000000000011
00101111110111100000000000000011
00000100000000000000000010111010
00101000000101110000000000000000
00101000000110000000000000000000
00101000000110010000000000001010
00101011110111100000000000000001
00011011101111100000000000000000
00011010111111100000000000000011
00011011000111100000000000000100
00011011001111100000000000000101
00101011101110100000000000000100
00011011010111100000000000000010
00010000000000000000000001101010
00101000000110110000000000000000
00011011011111010000000000000011
00101011110111100000000000000001
00010111100111010000000000000011
00101000000001000000000000001010
00000011100001000010100000001011
00011000101111010000000000000101
00010100110111010000000000000101
00001100110000000000000011111110
00101011110111100000000000000001
00101000000010000000000000000000
00010101001111010000000000000011
00000001000010010101000000000000
00010100111010100000000000000000
00011000111111010000000000000110
00010101011111010000000000000110
00101011110111100000000000000001
00011011101111100000000000000000
00011001011111100000000000000011
00101011101011000000000000000111
00011001100111100000000000000010
00010000000000000000000000000010
00101011110111100000000000000001
00010101101111010000000000000011
00101000000011100000000000000001
00000001101011100111100000000000
00011001111111010000000000001000
00010110000111010000000000001000
00011010000111010000000000000011
00101111110111100000000000000100
00000100000000000000000011100001
00000011101000001111000000000000
11111100000000000000000000000000

